              precision    recall  f1-score   support

           0     0.8586    0.8565    0.8576      2000
           1     0.9990    1.0000    0.9995      2000
           2     0.9490    0.9960    0.9719      2000
           3     0.9915    0.9885    0.9900      2000
           4     0.9555    0.9665    0.9610      2000
           5     0.9815    0.9795    0.9805      2000
           6     0.9970    0.9810    0.9889      2000
           7     0.9903    0.9705    0.9803      2000
           8     0.8828    0.8665    0.8746      2000

    accuracy                         0.9561     18000
   macro avg     0.9561    0.9561    0.9560     18000
weighted avg     0.9561    0.9561    0.9560     18000
